145697
533039
463342
981868
107639
698735
173476
239935
766703
718906
748235
164804
968814
861724
983937
551365
504723
745330
914759
567869
178192
211662
643463
430369
422176
335258
814704
159206
698119
716487
516806
253086
864917
715956
521397
600586
131514
736423
802771
463886
587490
221729
680191
247979
944992
693094
518017
662935
142938
608623
858769
145399
862169
498114
674054
934035
889576
132973
659691
772380
884031
114269
541815
150215
302100
595149
299886
352857
440326
483351
519851
768300
942558
550873
980379
956462
531470
495484
485376
729081
817241
251768
116268
189496
857717
471406
390917
466802
141901
587362
711010
998540
176731
130390
579855
573220
679913
629976
945878
449843
493208
265159
322608
659587
188772
190469
202840
411296
517735
717591
502565
494092
647596
930610
955139
732262
998001
452319
292498
830693
304232
833083
310956
852964
772341
521310
691568
912167
971018
507158
376549
901494
549605
135533
335873
652081
929160
456680
100724
767248
368566
979620
949067
424309
184796
316918
450944
246121
175251
847592
575219
327594
437478
215184
245611
660124
954203
469643
887246
667461
498900
290672
440278
110577
441042
601071
944486
612063
694737
403057
803102
641320
451594
525249
562127
324611
884016
886646
768168
555422
170366
545447
836916
223425
931938
148955
564016
434421
889922
675749
697878
559516
569434
433262
368347
177893
639342
938489
983267
583725
372431
838880
551384
772193
144490
933899
875999
912228
653057
920999
776107
167557
701475
431823
597095
953453
453756
316853
178639
392087
137055
610065
722140
118988
705179
343585
171886
118331
256902
484234
685268
945526
903379
284442
282991
331485
994063
164723
178934
998039
272955
651787
781363
968922
899641
630321
858040
237610
836167
414893
724137
422489
859850
691180
546670
762366
216740
532396
167013
800904
862013
857668
755325
268823
335731
830580
264177
517033
248831
365610
959389
389032
237918
180600
219132
485267
828701
753217
219346
174858
485545
934275
282164
842008
760096
362779
185676
312199
737771
520625
214744
561667
997709
378029
236025
415286
896462
612540
733191
169060
466143
441007
988778
570556
455503
435104
284570
779250
572047
161403
933664
463522
413049
992155
415359
927738
675504
913317
508726
972952
744904
951978
779261
728206
250865
497722
391323
859888
944574
803845
588805
316160
120026
150285
708715
144538
945496
711607
486504
424992
178208
406425
740151
676368
586960
751222
248617
105554
962670
308287
739782
983145
203814
760239
424156
514164
661745
360572
419691
957781
143781
424682
834676
768202
572598
717503
443496
362763
383440
370820
982241
963896
526812
183734
894743
438479
311827
202893
241245
499642
349104
385768
897218
736286
164062
605659
212346
359786
726129
294550
482793
684923
391915
528723
381210
753525
571748
971948
203769
869457
407726
885853
722114
691849
326045
775886
556332
120080
865495
985677
302336
558851
219326
920048
708676
758012
527463
198389
704140
966938
605156
183709
636634
188889
888027
397318
671980
998088
802523
241217
866730
339879
999124
371788
191916
463251
663654
305369
510240
388176
149327
192266
494290
740452
992214
923941
565597
471867
820046
623198
326062
473359
367808
236830
364300
324017
349219
633224
803821
928727
203905
558243
317556
724277
218947
962457
559727
847538
828131
345425
194357
322094
688149
415964
917611
512890
689418
896182
196675
964086
831720
300113
278041
279325
915155
493371
972071
862293
107487
867899
214031
130430
501547
581513
284271
591083
874709
770013
621504
129756
464213
718058
643735
574621
528840
103968
785210
951844
319219
851409
634598
453036
536549
839735
197006
903791
380201
138230
809122
725576
990386
697434
840050
960232
231393
163927
820546
206635
231693
426527
638180
919405
374677
166918
599872
213662
656377
703420
750485
911187
708160
120226
643073
256077
333300
760994
593880
661812
484506
380479
310881
836479
960891
895928
139369
766779
878008
683502
443228
464912
283421
678574
820151
892691
313229
715193
178359
469630
339862
983344
347413
676781
387745
897934
117415
970159
154360
683972
726931
470398
570047
258734
722129
851213
215646
801701
958514
478748
127549
833093
335654
972875
360192
385572
727766
129586
300075
750381
942848
618107
682635
224250
421949
501161
133065
634100
548733
162956
878513
169210
712418
294035
956571
972829
894865
124686
956444
968937
777045
511527
756679
699610
442081
506769
747690
374538
416589
102173
270168
987828
770083
403979
741124
208824
787762
445796
836784
320967
818148
581545
352968
895557
600234
958338
220674
141618
116303
387362
490707
703079
173142
331138
973336
531320
861428
983025
782168
915180
753470
758526
317511
546560
892787
890685
399126
408439
552910
847746
285066
549068
287902
735476
250788
295499
258559
861121
199375
483742
386094
706071
358234
129226
611465
567089
914686
538944
430643
309803
347396
804737
663628
921603
567497
159622
364034
806407
102770
709549
659212
812235
588707
268557
202296
941638
515176
437665
180350
777836
372761
100306
883649
398426
629085
147399
500291
288285
935094
425698
975998
860181
977796
343107
600350
480329
885440
366298
267979
191166
931465
452151
858351
489825
824530
573859
217363
189677
926929
669827
151912
577021
458594
652806
937042
347089
921087
365201
392518
520098
659330
175749
871313
677072
733550
799030
834438
345600
668206
721967
156198
248878
269685
989184
846370
920609
241955
493823
573896
155226
930035
410613
361355
365266
373785
498977
501587
424989
406064
353260
559241
620238
973780
747881
531835
855716
580838
281278
756275
125499
739420
871763
521470
304962
613629
903034
407335
469409
806436
116433
205134
527264
791305
337291
590062
348716
814393
606046
403286
334572
397443
509449
939536
414946
262726
535959
275097
521804
557349
990654
439770
960676
737548
548396
415805
158272
889143
156393
751637
470751
191642
132177
618553
389631
248126
131976
828932
736488
257818
283118
141322
974792
877992
521702
728056
329971
932226
206524
142236
177669
727936
885531
912060
815781
676662
244457
789715
342909
921486
531790
459573
758000
854408
932535
242930
365265
890896
649905
266820
230749
707027
538608
363985
374230
949332
464978
182684
315846
820340
185834
226045
782618
114157
673968
742814
306111
220116
802771
712968
103668
342261
586023
815002
726028
823544
383321
220383
945456
378771
462790
439074
382321
939704
911486
470642
289328
621545
637830
866449
311684
161773
573869
522569
835651
405745
676954
743843
280440
289721
936818
245149
188124
936937
263151
888488
221003
723606
637957
550686
666010
344594
237227
937074
457549
746759
843723
842914
202670
303326
553485
684565
582286
936322
501283
941895
768391
163454
979351
420282
246589
639478
939943
755735
441953
317641
350950
445384
776552
122998
349638
565721
983588
187144
300439
967089
924545
636795
165019
188891
562022
834039
641173
977114
736235
352253
662862
251801
535653
321256
220096
157549
744255
317674
404096
126531
404651
481492
595121
239907
495808
498339
166362
179671
953687
987764
700977
495142
735882
534193
117349
231596
998434
890459
858260
412549
998304
962828
119499
189699
654779
199148
909730
555296
902902
292088
821466
765913
783048
273907
662438
543053
141674
925111
693082
163683
767677
561502
123426
748471
651275
267720
515918
101460
303906
988500
159115
853795
459414
991546
128226
441822
461992
505421
585128
396659
588608
611065
276768
761599
266297
935064
712094
561975
871754
574296
189921
173322
297376
794577
644872
536802
939402
371028
538424
487058
683230
908270
351390
914402
232973
967671
406498
791501
245680
320616
181060
636253
439983
396422
575074
256611
384733
361826
582173
716211
555626
953943
229705
729609
898578
985792
656418
664837
446674
591424
502419
190964
966996
198070
713429
680338
359675
362366
628625
298626
628565
920592
416294
651138
493236
553668
733339
900953
319502
488260
252069
677575
788854
822212
931431
729286
778564
621780
115823
247181
411252
741661
444827
654256
818196
990095
669256
341913
682992
894736
896936
122366
733200
383547
187645
635034
637648
578566
336372
444910
352452
755464
445334
958413
439354
824844
402110
244784
266638
984143
901773
737894
346543
481444
887374
886904
575764
762038
832942
503141
884412
491426
317961
424765
591323
229702
944374
505306
734566
396397
191638
299997
385407
670913
894728
655787
396326
486414
314901
993351
687984
524472
175274
698849
992963
259041
775823
351756
496173
300741
159270
875610
745624
833231
560498
861026
537503
120568
467089
309652
880469
896803
510217
870240
892504
701775
452486
675630
586716
331586
590577
189350
547137
839590
815156
459940
416151
619111
431802
432282
453879
692618
109133
533825
337127
316028
554373
552176
210414
133701
218283
375758
119324
105249
212882
791180
114254
305034
806345
391187
806554
200193
765040
264586
710164
969920
428472
906033
118074
200558
544875
918392
688765
134807
855773
287851
887670
976392
633113
676476
247402
900310
565215
553014
213303
314819
170025
541888
726708
123976
445685
211116
812766
140615
625727
353685
927578
844546
823660
367207
887555
648340
534102
109856
588826
299890
686992
984516
249475
925031
903509
137862
671921
229868
243785
906244
634978
312025
151283
495345
899894
886584
279324
994098
754873
433758
205626
648150
509079
602087
360272
143124
252731
365905
788921
599061
466208
555358
964187
913412
627827
185509
392412
801677
220466
407822
539195
682897
896830
719483
718707
715552
793262
428315
467313
100970
469015
540003
354983
255068
194264
138841
575436
647388
664758
860385
885131
406015
440947
644723
540036
179619
347838
237871
867517
814384
594172
477647
873632
447050
894562
522728
751319
789596
883379
644720
349861
824416
898592
787950
230045
926204
300374
809119
819147
588985
610072
745023
236919
360080
522691
233179
341950
352106
279447
639088
467714
655391
560797
652928
506798
991368
666371
907933
360505
671535
387521
785840
764009
120037
610523
160715
507423
652996
514677
613832
879244
538718
418723
378532
304312
849149
340727
613551
924359
761383
280778
499213
610149
344290
277005
694470
363618
345663
381152
238677
359832
392441
548613
247612
301463
824231
981013
216881
749557
461975
725756
688954
837429
665615
759843
928995
336668
282264
448616
657648
750641
152820
983573
599122
490757
888308
275691
519718
843032
916053
797096
261759
371843
376000
353999
586803
990104
271110
177068
480080
868135
223846
863993
562383
135626
591823
661783
944534
584447
348009
457802
181353
897047
723503
488036
307011
408868
949491
756855
413154
648540
561294
373849
833504
664879
563996
417110
561428
411615
273040
938890
165557
205196
968535
789513
626794
288826
521190
563495
898933
326525
331157
935271
595022
558251
715743
364712
648340
887964
146987
277935
140613
514255
763913
831540
406840
849997
130489
897504
571630
274713
200354
632918
411406
409118
392244
976157
928512
933990
861241
118185
887677
485996
857921
186629
417382
626022
778826
375253
949136
299284
768770
673464
364627
995105
898277
651301
441282
236994
482672
776797
258336
623685
991865
724220
226170
698238
623865
285903
266006
739585
436199
714349
126723
128802
390257
654616
656334
677284
514158
780817
171170
755236
948368
372345
505942
526890
368291
416300
510841
740943
634875
791517
551317
184444
859848
363992
494131
233700
960459
719143
102157
592923
209246
309550
863084
154420
646741
335825
704848
343660
994967
763997
722836
701855
705626
503100
675317
719519
318278
699280
429947
307564
775062
525062
204710
644681
263032
942278
268953
126265
260485
522633
716824
795014
778660
578246
645989
738817
509260
451521
880148
132465
711452
267180
745976
870877
168681
849462
478817
456748
688674
774611
915422
361179
389196
794592
817861
684184
204839
318403
891388
704462
166871
678583
183175
572333
147172
927821
923194
227379
857110
936499
310258
866756
819131
397481
596111
607881
779086
333833
576000
413569
563461
812205
437590
485873
607211
455645
505818
984067
760385
961805
633977
290857
560133
275686
965594
132869
184005
273642
823704
240859
926267
351437
599637
752174
564353
148666
542047
991714
298480
309979
905097
871006
742402
577818
241001
354665
340992
697301
965122
691527
522003
939127
466994
895304
402521
119400
406623
643444
431887
563242
523876
605443
510128
435140
487302
312023
312568
685415
921520
558544
913597
514104
785586
550405
156708
762971
548454
982314
134685
710929
791876
486703
308520
232177
718856
987139
884443
704332
449653
544953
742042
898603
659826
735238
786103
399653
460878
407262
190516
928977
142096
655576
775781
506577
777929
107898
253541
916588
838596
639550
570945
424308
608759
720958
771365
137172
396923
377951
716283
500162
427580
608236
335762
476566
816502
114994
854277
150347
764302
757054
402093
241192
891798
205708
668832
236299
710922
801942
454247
710957
833598
967854
865735
810102
974008
417734
389843
938868
963872
748930
102729
182926
690978
690353
601396
533860
419814
399214
690075
762934
253621
203193
252286
181541
337457
429752
532510
503051
152126
635065
426250
594980
923703
105326
666564
459726
742500
525660
502558
498768
725151
915409
186475
115372
754324
319166
550213
301445
604311
234971
816485
411707
211867
691313
557336
730405
815568
784193
572645
644255
885224
886792
886741
428806
422679
507748
259223
685652
123789
241670
791359
894153
896656
291307
137783
338211
116717
236913
427217
118291
879539
331064
898739
917154
818580
114543
483113
332390
547989
936159
644157
958306
953015
858303
613543
838358
128668
757668
692693
346575
159942
864561
277656
462641
443611
922331
515051
920560
653529
319125
713687
678654
456976
554353
764715
654159
988052
969587
610226
408136
124635
926833
237662
187630
597512
833053
941138
138352
677763
299424
309543
359049
544220
180641
958348
114977
153408
536098
573542
896248
599491
562553
678860
328864
322471
965503
601330
498661
193587
959384
850306
159080
247442
384556
321940
233109
726898
190026
865129
610558
981193
476698
342796
454104
109582
454637
234434
376335
596005
749737
600750
551953
496044
713978
808644
562082
347972
908797
865158
632008
331722
542477
944764
718378
449117
250462
211606
259663
858700
825238
388078
963382
670969
962984
915054
222793
319756
324755
319282
867834
831069
324994
902656
443849
458633
398353
663036
533463
575912
759858
885137
818101
324868
333120
378835
538716
531933
624417
104986
859120
343031
974770
517634
770766
461658
637368
880983
533060
798923
685851
342325
123216
689515
997324
800939
106728
639820
600914
359745
150764
587425
678142
683750
198842
940101
569977
738514
437849
684148
476338
690859
695338
319768
460162
624802
856298
807359
231889
982191
821264
517369
229976
734540
890061
517532
861920
228586
327544
532180
372107
898895
931018
364672
954222
371694
664888
391019
418792
830665
891681
898854
543134
848911
422584
994991
646986
803447
329352
472521
944641
299368
507931
618723
538480
633394
457448
943602
793689
681310
178180
441391
510970
905669
412040
577443
759840
430666
365546
188467
959914
565278
488567
401224
190509
922410
974235
381065
411955
895070
870545
158473
899233
855022
587538
172739
490963
412294
826191
420827
914245
721286
597330
737481
752484
550289
487884
637464
536870
845141
335150
316319
537901
240884
512606
479363
810800
206706
528213
616069
659158
176383
631646
898618
810764
119706
542158
655947
418130
339301
186479
447545
604475
944718
274222
338628
967947
751086
648739
640220
534526
436770
844194
566814
659919
654225
620572
758348
442416
208175
361938
384257
884080
310121
761668
837861
189639
698712
926716
732777
108131
831937
319334
297568
758661
887605
711844
593182
966662
273978
511415
159714
557966
887993
181543
322388
332189
164832
338699
256539
499134
783809
313531
309954
977363
802222
563464
394353
283049
436360
248989
369235
824369
915961
632089
702589
217436
646625
808152
772314
942380
127390
791685
268437
696759
302224
826290
996087
228578
539280
605672
124806
460012
770177
333643
324321
618405
109379
320205
956439
424140
417491
410132
630301
124989
242180
335345
642005
355903
478954
204951
685563
356680
566385
314158
471744
992123
145093
613195
775138
975931
567377
265775
743768
830688
224183
909222
154191
682318
407768
184183
208057
426419
851712
448173
624889
717257
261384
243448
554579
966878
284285
740183
749624
434329
920108
768125
893627
556019
861899
332197
573312
496184
545066
980508
856763
251716
666363
799613
900806
332957
281153
959686
948135
394770
996894
359143
504968
218211
689268
754487
830739
901645
158615
808259
791646
827193
516150
409439
910579
456057
115595
598171
820419
175571
610871
711873
881353
871204
591410
473172
150893
461770
342642
321621
785724
324598
792048
454853
437435
660964
363157
775415
866750
207411
501457
671666
437568
736806
288861
129569
735565
356924
889033
544748
317362
682982
239267
872564
783899
385020
477790
633763
626801
316096
703593
468968
659003
836994
122534
567047
135145
161297
972004
349615
192900
340180
731421
713007
674113
939204
374304
244546
682342
561840
737607
793969
572737
797893
104259
202742
185331
919483
670953
152414
283174
729394
248613
650654
503818
132488
112663
600573
714272
721814
994424
674267
384919
639418
451848
977181
951561
526260
298450
844694
110716
333244
951420
164960
578489
909624
896231
861109
832735
919792
481715
215661
490344
919590
166441
463506
191566
180766
309189
641625
926541
773730
530274
960528
567416
163339
509049
933319
446044
127077
251181
659071
721033
826258
141698
949929
777973
183652
172165
594193
236256
251553
767838
794479
340098
878762
283923
465329
572977
988342
885615
870794
317070
656825
918153
336985
802970
990892
597544
515149
500575
962912
515064
805657
768610
822644
494628
664085
877891
216511
685532
107913
108601
714995
505368
774987
105892
735794
720429
688654
879415
143719
460342
457702
241462
380386
442000
164207
908105
804713
246959
787080
586108
657015
193617
273344
736488
962180
125869
517454
484133
619838
587438
456465
402809
877701
862193
602075
251456
243165
331092
167176
370463
908889
635734
456856
602570
157362
664195
488223
480643
430420
755980
173178
969552
898452
521804
451586
621377
332023
138499
143711
709925
302974
304520
359577
556281
103876
154892
363760
518193
839925
912751
764939
573620
179782
516617
677219
121280
736761
670774
679126
397984
637645
136810
153712
863858
514259
486913
504357
455896
510607
980697
919432
204666
287380
457251
167488
704368
376157
900575
598693
102469
400435
970029
640718
517669
991040
599557
889769
481834
844585
430305
884616
661249
459373
745726
172279
266163
250808
495718
142021
616963
650535
907864
107586
859227
993318
660273
386239
722531
449128
972850
745123
836186
172081
676656
997549
667615
496092
636043
872818
914701
597143
122522
611310
180301
196081
358183
745292
541654
384971
901325
553560
880438
858554
981729
451934
492570
962443
781490
524350
430766
313318
267238
132706
871735
685181
148430
589168
782716
748177
504663
770071
614765
622900
227319
119820
628012
396553
927284
763146
735135
914981
844585
437559
547803
519289
864684
977631
190351
324722
604979
705172
714601
211692
542051
701383
429904
989816
739574
495120
147651
769015
962575
793477
880307
231254
938795
357538
731234
961909
823921
196017
135158
118344
789215
515785
468732
829678
584903
452446
820496
170798
498816
557994
243197
799491
155469
503072
180849
525935
689915
638196
656978
532164
715495
966120
952405
151108
557251
416549
580493
607146
346397
228441
500800
508962
670014
696256
422477
126265
332650
600225
504912
387128
674623
976852
370198
504580
650279
180816
175784
535723
276689
305298
371994
285725
539038
602994
402849
823095
563380
417624
372426
268354
871952
313350
824401
370374
157194
734235
229477
459212
180594
154583
293284
189689
233283
369850
857540
738642
695921
547824
500829
476435
340764
144770
430457
141098
856447
315074
969923
167020
393407
599382
562885
915026
327798
336558
515176
461273
252451
999823
447386
916043
951339
716571
455128
222105
112014
282304
152442
269188
745453
664207
227173
115555
916794
895991
927589
827181
882892
783302
513927
842119
764312
162457
165805
581212
591697
378257
861890
896725
854673
496266
586190
696097
200438
584786
525096
624193
689642
308351
129084
674142
262632
800735
421566
729199
472208
547330
998232
431807
408968
687995
578380
469149
585896
605266
251730
888882
650766
873915
630407
733756
420414
255716
414514
349186
178017
531075
915117
432008
470895
403396
237538
674540
754218
839784
679486
963576
740890
436605
209003
144367
380025
530082
587756
266678
917885
217041
210201
595171
433055
636214
973426
815726
677944
395328
353728
106915
486220
172379
651182
941133
632212
666223
960912
105572
550456
903840
714930
746112
925780
288154
247991
314160
764912
586039
453730
890331
667960
247836
431301
960975
420874
419946
998952
834680
429969
421812
996596
458890
586055
672570
577355
668510
785422
267870
512154
713802
569170
582184
716222
114045
502110
464089
669390
244901
488222
759266
150814
191904
941597
463397
438955
338384
741078
690207
620258
312266
667270
226231
675602
228644
907243
356039
260056
353209
710798
579480
528737
597042
173884
739928
421160
185776
531614
417255
558864
956785
750555
854051
446457
670703
370998
904691
517292
222657
333615
338971
927432
195215
647611
299888
146531
442938
906581
587577
206801
246070
304032
416181
534103
908742
330528
553772
118019
301669
142237
353179
806769
423822
231342
663473
561711
813219
779773
104899
857645
102551
838747
137398
119593
471826
652048
433522
949430
873996
693396
978222
279194
944036
310453
412794
752752
434373
419948
537715
440174
817226
886671
315623
180420
980436
532201
603610
963873
984138
738176
333312
663164
901682
729932
204250
407323
266634
396588
162276
356693
897006
604341
244023
608272
164014
173984
862733
213368
818548
910721
227338
493270
342058
664724
140419
215879
623123
956977
139157
939624
148437
469648
965291
235819
460084
415057
377511
314104
206203
105470
586118
137785
357671
281021
543168
312884
742648
707350
116405
906451
669468
490241
245325
173417
610838
840041
421106
336958
689512
988370
784200
309656
357430
222651
308256
527357
639050
108203
248188
748957
796472
648629
107164
813078
424603
189552
235599
161036
221555
827535
473231
915773
940572
232705
370156
658196
324323
891874
624981
620043
993950
140553
624592
217833
321270
376461
780354
235019
972765
115811
673833
734445
559161
367448
209978
120838
483076
432247
748814
521285
704442
360070
215402
861976
615138
868426
369084
224724
852495
650060
303034
747175
483221
628145
755006
755919
124037
889330
591808
148141
409197
100579
188270
205744
253702
738786
456611
673123
122727
349317
275119
892076
243060
203695
915601
733880
925151
762615
602695
452843
107377
655629
382524
422705
812777
926657
351223
931016
612441
454059
996801
593745
840439
700672
212087
703862
271799
109657
708274
876352
511814
695960
201997
603177
474940
410958
604115
379525
712544
121126
830767
361421
386635
238964
140764
753568
718054
765564
392967
327044
487563
525595
160681
668667
352516
681373
151636
542387
991608
311738
562080
915493
154341
726342
941028
411416
553631
779347
947764
501819
422542
971697
318471
591315
623291
735380
307110
701474
659908
458519
985807
506234
716690
481229
488789
986218
635278
533330
350660
793567
359321
161727
387917
500805
559045
915274
307079
660293
297935
729347
299936
938707
817800
891148
904502
515865
307124
569366
145376
617135
474263
450161
882479
633088
325931
155845
298802
673111
337553
954810
776138
120301
528686
254197
242497
360814
683779
817665
132270
708017
528300
646816
503539
930560
258583
147100
688434
825542
576727
972923
779094
165912
487954
733525
419304
909159
279248
754829
274874
503199
716471
633968
422739
343125
953209
279634
510020
663603
748650
643687
832086
489459
537095
437358
188834
827446
946622
951918
474505
278830
467410
473260
196383
364630
275716
710225
632347
795161
834892
333338
181566
928950
642790
629070
991545
894332
324077
260413
977351
978949
637079
124831
176891
933040
240836
389635
628816
150595
644690
591858
962536
327329
380324
996044
135788
343211
537584
158108
167409
342983
647286
714858
828710
515312
562121
903135
846668
908024
445813
294502
603368
786208
974567
495555
641750
442579
396368
263343
223793
886081
181409
581752
250471
343034
370801
854237
648626
646746
593282
748334
456748
265968
193004
734367
431662
922221
296121
661579
470919
337700
542966
720791
704782
450188
988489
276328
352761
884768
454293
693209
946842
374240
934315
281327
261574
165534
564387
585676
244511
707884
354509
299921
414742
697478
837753
437400
693203
340199
163893
719529
246458
734789
792424
886092
443114
460617
876970
800282
354545
194473
601475
763857
292453
900073
801492
182508
331653
911676
572793
366128
457833
710444
517068
763034
983191
343044
406049
107303
612434
651088
583124
112562
820875
734763
546751
312053
581815
148222
838213
800956
288564
764104
331131
150037
206409
590652
107468
514669
895986
755245
205747
781527
767405
797765
361696
536013
317720
129389
902901
200070
154568
869666
287848
703456
611348
588912
942982
557690
453322
589439
600692
283430
173463
771836
177563
693728
479313
467030
656625
492539
335576
891380
211316
857189
545341
801597
345156
123110
473066
110737
994332
552426
245321
738143
746388
418897
576256
627674
538689
617496
647669
549778
161347
406547
254553
922316
708063
995569
720201
667968
156699
850690
472763
510362
864493
263188
758350
430658
258114
809751
343756
919872
184623
442584
595106
148265
138109
435320
125448
758666
217471
851639
928341
139129
844869
785797
830032
804769
702635
623024
193533
349587
402908
805098
954038
243641
179662
734958
873649
583200
660547
245597
469559
728938
373740
727796
465155
718762
811440
206287
884207
372743
970120
961534
550496
305060
922349
433634
665492
178696
433155
953580
728022
635090
716217
994168
616963
379524
488546
451464
968603
403150
561670
542247
198119
971873
482079
299402
765388
217073
420642
211270
993328
596348
738816
820790
379466
441374
354602
748977
321292
746028
169466
794953
250045
706966
517575
834469
112720
379571
210832
185630
330216
459975
237684
581057
811072
527872
863414
578622
822981
722946
668245
548419
758053
321884
960252
231674
896273
895427
714702
275589
124922
739568
230172
322574
333683
766717
392202
491153
554298
647610
286682
485817
106240
335012
881053
633352
458664
257759
109717
851593
577959
775979
925996
598346
177782
621047
136899
928160
746714
385900
938195
217293
664869
935243
160707
590648
329803
915109
347373
144355
235670
472261
124324
275370
536264
282428
542179
523041
440831
426899
773010
738514
885709
863108
697630
348942
813571
631825
244792
712636
729818
464042
744439
268397
709414
169388
820947
170996
274304
390405
403549
543554
910385
965362
715923
205697
751655
750625
162082
895354
178867
613857
587328
419814
612890
299680
331584
801761
337613
811764
777076
697977
770317
634736
414536
771627
727822
855926
565955
466875
461481
471182
348737
150426
123350
329455
828128
920346
247184
591932
597287
162945
569743
349437
633769
215960
876713
424624
655507
509734
837804
119185
833382
462539
613328
705571
773237
375648
650825
944295
477875
895728
284669
695206
533873
707684
365120
536902
396464
383434
471551
411237
654576
745681
314477
714130
228233
520879
100967
298575
894914
403198
300418
156221
629071
442295
637799
886197
537097
417778
556218
552480
369520
302888
214057
701558
878276
874536
815564
926084
850840
439810
128159
372073
138182
526566
464608
187701
248062
899197
577337
352357
374680
452250
149381
174676
695310
228447
166135
191578
169885
478923
999804
978686
827215
919071
141716
451688
631623
612918
835854
353697
705315
174883
447735
555103
375038
928345
118039
202504
977686
550097
738135
637900
840440
303861
277799
917270
253507
139380
106248
749828
808401
723986
856199
471917
440006
149473
544858
219110
484850
112920
556078
635144
163342
323640
647041
299796
104514
594278
799638
766965
210408
963631
213891
619787
740788
461904
238246
623353
741271
224445
298180
592243
606669
186026
545296
981329
318684
975818
215097
325564
483487
898928
717654
964766
994019
202991
574557
616799
656820
978002
912756
659229
339741
339283
639419
844769
610094
336411
731129
978101
911227
921504
477838
360404
814739
963835
128474
977316
778344
665711
981112
128695
479180
574074
383478
311479
345977
249125
625767
637797
887346
621446
966533
763269
311689
638951
352501
367386
546606
700526
471235
982272
344689
236995
414337
561982
521089
457249
250026
130184
174516
597241
838454
991109
996890
884060
280048
765667
955805
427940
598792
460969
710644
193332
190754
389780
954971
714569
148715
275787
711333
761087
530709
177818
294476
998839
784006
342185
259737
821495
790389
888727
999098
595582
563280
390105
782991
975423
766378
427628
458903
586834
411581
218665
201733
110265
371628
251357
146240
124556
607010
806519
408534
974238
418851
413429
166531
760636
796632
998051
200054
937862
605929
234309
637551
710065
461870
215061
630051
800649
606788
979547
948191
721086
816884
224498
449506
412043
976084
284210
727210
632648
295945
235181
314484
983869
580193
124859
276731
249850
323574
122355
278791
768326
327574
521040
980904
277271
581114
491668
648394
256566
621305
345591
517767
627463
858328
687447
257354
294352
963923
754487
784552
612422
370840
567405
741917
470748
919825
653682
229871
437011
938330
480201
577074
584433
800756
279864
493512
395843
243594
272234
830929
584415
635815
570643
111343
950354
717413
687021
225540
892746
867504
982379
285927
569086
337803
666369
497486
760169
779123
610156
357446
927432
361797
311383
318236
241104
768516
933333
826707
678463
293935
861511
150758
791688
923558
300136
976606
800196
556062
791562
753335
332804
528141
337125
569506
955950
294273
107988
346630
234387
782378
733343
616719
633437
914788
903496
322618
424432
352407
870238
281838
784079
860313
547077
698811
105993
931620
494239
645527
137666
689762
697289
304107
987560
856821
124642
499291
124671
741877
362285
946831
760527
686703
692320
896085
560591
344791
517320
876899
120062
977517
652174
547789
685823
609724
969255
472490
981064
638313
563512
124330
800033
462461
308963
544624
185088
529235
629158
776616
890146
504205
297946
682554
990121
923407
521310
197376
267993
650991
238219
761201
514300
617339
625465
160149
137588
249500
618283
477836
887565
652151
518227
486358
278364
337955
246797
398066
477739
247696
810996
131356
715633
740703
986753
615856
779570
969619
557668
762415
188413
871879
304496
430072
500094
802311
610029
282694
836995
248814
507035
935588
910951
251322
889051
337994
985978
811588
504190
752165
776610
223244
719636
120297
839994
206863
145568
773596
630586
109608
380579
167969
691831
855868
389422
115686
447654
188154
986263
476052
727925
964102
561070
328925
740660
875408
220404
564310
851652
748758
629877
967981
565428
805502
985804
965169
252242
284199
590077
393231
756742
836432
652108
827386
868234
439065
343756
155083
861900
873364
890339
897824
825324
128137
124240
812507
662174
490711
379636
964586
986459
581257
921944
881827
479731
412597
602540
886329
870063
424252
863444
263455
598076
693032
719309
891492
411994
733683
460690
401594
631651
165320
702410
978287
858418
732053
242657
537290
781262
273297
402995
761530
904562
625491
406771
275485
914488
770280
447655
555637
836524
457427
285020
537647
109920
726883
399747
232291
408827
232747
500513
928490
130020
978042
432934
921138
878847
943657
123408
747677
269940
165250
205066
696766
121257
201913
358893
972585
386261
543824
977004
641713
386027
905052
565069
274224
880300
264762
968366
231535
432306
110365
228463
648515
772783
474504
731510
926519
292556
485633
396637
970830
746872
699978
385697
771274
352360
588253
516390
908007
467990
427162
846030
865003
255742
858799
642462
224968
512972
258710
140837
714085
975290
891873
415370
259574
936787
556551
923982
646752
470403
432373
780028
900627
247187
106173
894841
686049
619355
793795
921863
392046
748372
160359
763544
105144
264334
363460
492772
913984
832041
606542
513547
133845
444795
682552
995540
854999
384607
226122
834487
795808
664271
869637
537603
135616
647133
945403
717815
249568
963958
956413
605612
719177
336846
748791
965712
914930
228328
410226
995240
673326
163779
109998
814710
863861
918825
746182
555832
564634
110633
139841
401441
493232
959307
226055
727775
878734
622755
727928
458011
318931
645644
343203
950025
875627
100929
794370
796998
696004
716839
180609
726670
974381
230881
261160
732028
654273
154926
673742
216790
900950
489570
253181
238935
924116
654972
212379
759869
210791
121015
186978
392174
500399
952215
776309
127682
820576
159973
939082
862931
224455
949184
859828
847794
930024
413171
427059
362350
798146
494026
173502
823807
949013
611137
557060
829360
492462
204268
125908
320655
888549
134500
686207
674988
629861
788434
326270
122166
454572
233477
911452
594299
215843
810810
992335
951766
629742
405386
308910
610945
327913
850029
961723
716765
947513
363170
443161
889261
495154
946948
635219
716308
134064
718427
974382
189954
362977
284840
317933
241589
186900
404893
907778
664668
582573
579202
707964
238202
618802
605294
299618
187076
895357
514962
992741
138520
172777
969441
727474
366691
445273
437008
627011
507623
598258
295144
560235
497415
836427
902380
688789
444902
187453
167320
524045
923020
942250
397054
234191
468311
655206
304958
370459
889860
747329
548143
820950
619102
725686
935862
117176
393535
557365
951241
796316
749891
777881
500154
166410
387429
118967
310548
401774
716422
916505
854716
999623
828036
990916
169721
196269
775723
835250
359163
711485
240314
166549
737151
760294
150114
474193
941132
771729
900565
885203
395253
887536
236211
371003
774154
245139
542096
330643
846761
449344
444658
903183
654036
973354
892613
548519
992914
628185
655964
839592
341453
558284
298201
339756
656002
683341
140729
739860
116295
913236
177834
538818
501209
831218
621251
967179
863411
557032
316762
924582
654173
545079
988488
909819
366826
337131
512513
763797
867680
601594
481279
412946
215764
160973
643750
836968
689335
896454
715001
190812
204409
802235
314348
933525
371509
905839
501974
822818
452103
925433
685107
535881
411423
731382
285419
796373
569796
388381
972929
418871
270828
376932
872179
514700
531956
764888
423053
440236
287468
784282
377844
966957
842031
225950
820172
851937
330731
154963
638310
460987
835156
689695
411693
942247
916486
945398
101523
484382
875553
847376
367172
400953
923524
396130
919983
827477
930056
799647
501568
606621
582786
161738
635349
667821
647589
718150
693849
285472
911209
433481
565642
514833
750071
611942
583714
581133
965238
929932
598213
586558
763364
938670
564682
440091
517109
976891
143432
545900
305967
992695
921881
531084
653394
131689
878201
773418
154345
743872
394658
298336
351548
816050
573173
542072
381734
852339
650881
411581
812416
438849
862238
100124
301433
915010
843256
644115
597056
295257
250711
670697
674717
247948
979505
918514
511600
134558
861439
718382
733741
810295
526788
321366
635273
399877
335009
947313
465497
122609
158357
664770
426009
731850
733484
867117
230456
921756
329650
738383
288433
334085
276362
859087
593160
723960
623618
203599
836545
654658
130472
347175
990899
932499
677840
102120
912061
640872
464850
901556
680000
895942
278617
574446
236900
585941
344688
942866
514464
212388
788057
589843
804907
223055
529949
499656
633933
667701
728206
911313
776258
231410
210768
810839
992137
811182
673870
493510
154010
731364
955055
589584
556906
428094
158383
392490
155468
701915
722187
107219
479271
680751
689135
724156
866600
540628
542268
867844
502550
278184
468186
344360
912666
553537
225297
548590
785173
467778
582308
425718
912070
851178
888855
783099
257332
298473
132936
476813
164672
237458
444187
932017
945513
720986
532041
195507
542275
486611
944238
551508
368913
806026
990960
875826
363177
710695
676918
103369
302797
609792
607317
687690
219607
396469
195148
628093
791895
906035
566824
668127
507692
165454
803171
365091
833996
536169
398846
291679
121495
129789
106315
398561
523539
130800
156804
206044
860218
113029
519921
546637
621555
129567
274015
554879
630141
756497
812410
649044
625838
903947
403611
636239
919787
376111
143816
303458
102854
725868
141830
827008
411848
485239
981873
273007
603477
308755
264150
188806
339665
989104
767875
778866
486113
120187
146571
478124
891439
348291
734949
177499
723758
749802
665840
217548
726177
470076
478773
247428
986983
853345
203189
234349
971198
692912
234788
236316
147694
101008
951402
421386
592346
723603
409379
636734
236072
624745
250125
899600
329539
665692
412019
754562
990919
964331
203250
662046
819398
864324
546829
233401
829981
116722
201822
486320
885914
633525
807667
793201
885399
910255
430429
890431
396889
413563
585152
100154
440423
129106
981476
201432
319950
579173
917888
421291
541325
448627
243430
106867
589662
572741
416917
283369
554178
818001
591404
575624
621781
923059
750819
602546
817077
456924
114201
419284
335262
521588
457673
677355
479178
203095
321623
790291
882848
445396
913450
350808
198834
780531
944994
537286
490095
800800
303538
412657
593337
247060
436252
578888
822158
109528
478373
517364
378286
478929
384355
863026
564971
598603
186028
119736
990954
566074
627688
486566
351118
626625
400520
208781
904550
340596
476790
841249
978064
313532
212450
116276
253385
701544
825947
188202
185336
878784
855197
469650
724722
804259
512005
503919
161041
150424
785836
600230
694502
925257
546332
924021
273111
816972
161539
966711
846539
327471
674337
581561
632737
637123
539299
164753
366479
368078
709641
863427
772656
997826
934400
212169
710877
258038
761844
546859
214620
896601
147739
854126
554760
876559
246747
152806
767200
288429
843165
436413
640004
859235
341663
857864
304447
373635
836912
187598
364959
447251
237440
792963
440783
922408
827574
696675
990857
434162
313143
115073
155127
614679
852090
949937
279731
820211
126801
756178
490376
486493
397553
178049
524913
373227
323422
913420
756163
176535
907722
437242
421125
674245
281899
767369
759161
354776
513343
632352
148985
550071
161949
433037
975285
828091
381285
125325
107145
391725
678133
484236
346833
180734
697222
878465
149698
159390
368050
167555
698985
914154
940512
914321
526440
875901
693947
480882
432779
184721
290775
924954
406867
494449
707192
940304
424544
964515
202763
696821
991942
298097
906274
464437
498402
523485
190408
340391
977023
403433
717671
699771
986726
445788
933366
234831
609558
247627
906596
199383
234143
900402
692545
922424
200950
753178
177368
852384
473541
756917
553921
185182
956626
671228
175612
500887
107879
576075
515919
102955
785493
453556
503859
129345
467049
591004
938228
961079
561082
572361
430746
276916
157919
103379
562677
191540
605552
983850
363487
745223
446117
338023
866849
320105
849512
632489
743144
415497
370176
532479
226952
133482
731708
903641
413890
780587
496543
663199
555374
609945
814950
216288
391302
901180
426171
377005
127263
953246
208551
984072
895335
124028
312588
770696
656837
547469
586706
283753
279833
834560
847859
622731
690903
128602
445409
397263
545208
254277
689489
782089
694996
942352
528476
753541
930272
329828
946721
965669
893934
572506
605225
789898
306945
386103
637144
202924
820894
961011
346804
866420
293881
312790
483365
720813
762085
292218
525385
362699
555771
128907
831796
872985
363757
426461
389076
952982
595551
559046
840423
427008
600748
621036
389818
707326
329334
157961
415785
404799
491458
342484
576369
584196
907473
823068
588208
482205
558986
807663
991456
738054
804443
684021
509898
865026
740709
732240
526141
880484
997027
684161
607372
361847
220588
919795
365672
672844
922972
776039
491478
704123
876433
220585
871241
313286
552538
347600
965512
540688
838253
906870
493995
787888
567590
202369
622565
916727
211137
524791
966616
597094
631820
535301
407772
807297
735112
314521
463607
987677
557396
915363
559233
782947
416184
387332
861620
683857
812780
296612
412487
493109
766727
985452
142230
190157
290165
819484
794256
118219
397229
448944
561707
498180
809422
894384
172303
441131
812813
163943
578174
338017
883992
977834
983292
922889
447636
711047
471704
280258
340748
938707
203947
914525
212304
573507
830367
646368
493070
317614
617131
915628
520265
445388
690448
208451
453656
161053
973525
521800
315029
520488
871044
748836
718438
174470
609117
788892
102160
219341
742520
579118
447779
613998
777470
458521
344997
647181
385876
335915
164016
525934
948061
595198
546812
662546
817752
538604
387386
874840
569232
386583
737522
949904
965228
820259
167663
455110
296086
137833
964390
141474
644207
373729
575093
138012
567848
906266
667917
331926
863454
806474
775177
737610
457783
789094
572427
375845
302023
155892
356718
170512
501506
227320
650108
455937
841596
497875
648769
957210
390857
889886
451095
348042
371524
122542
881727
674332
120104
508799
194697
911485
870686
155460
111385
762757
611405
999911
592121
276134
347832
791818
253087
240194
781114
893877
639968
516887
723620
219156
296416
169972
357497
710706
941068
973567
455379
527134
466085
435241
907367
898095
355740
793223
961194
445233
299826
446046
215934
887350
844531
841684
905754
472635
709378
599039
736799
310901
566927
477647
482573
464840
950711
900948
312383
124725
653988
259979
214391
137818
407378
184271
633825
256879
368766
449736
536078
459863
278999
435881
694050
293922
400952
836269
374624
454732
264218
884861
101327
442029
336768
244478
960206
988437
952667
542527
947383
454791
580840
936469
791245
139846
331654
178116
579972
760260
307858
748874
203868
359642
162961
376936
131901
231046
783597
288651
163887
214442
626324
857650
860506
769126
258651
772362
801050
262900
224064
645388
304212
826239
502352
181286
879022
342530
644636
654203
962267
322836
356296
614363
246873
515343
780993
741685
379067
959831
212577
829160
304840
764016
478639
832941
828467
723190
175962
122118
881194
559292
377065
417072
636196
662470
544662
377628
857289
981674
497913
789371
586409
229393
326383
841050
858145
111960
710776
445163
988133
516966
493294
841218
150323
394903
440547
540195
447600
669411
352819
255832
266567
622517
773008
502975
945770
939224
978167
584403
970681
503364
884395
397393
561918
423205
342750
175447
537632
637589
974795
816506
112413
730799
133985
464228
165997
535847
366749
341292
321923
104466
930028
287878
728855
342080
622803
963892
456384
823407
895279
918921
133793
226373
474481
584768
632571
195901
379299
727117
152152
365099
102563
810011
694615
536312
243419
535767
588531
408780
436978
509923
672474
736874
362480
966214
573335
696516
668537
319837
800401
378858
719062
714224
742309
155874
782713
886039
356317
549217
831657
970095
256547
639632
289140
956823
101903
220017
593263
292542
198661
187036
475360
147603
486429
485356
346446
396918
863893
508266
111432
936054
527364
159462
926715
773294
646036
388338
167702
638740
753599
357380
279449
139314
577123
466883
353375
132842
547734
405656
964311
453318
203252
475994
221176
713365
903497
671458
327795
356952
809427
485794
122145
848051
537784
895602
542731
197085
712916
515845
410786
713564
152315
954522
538943
841281
907586
436046
570480
119546
231980
313603
849184
558236
543955
658114
832801
151369
938285
313349
869796
974578
160542
810749
829313
367804
335234
431398
601529
681521
924151
256290
419926
131888
994870
350746
401003
248730
937051
379895
805778
567451
200978
308249
224971
595823
636610
563909
404095
879670
162800
491362
258799
499566
646049
436208
653022
341565
225209
271139
606046
576187
834516
888959
195394
975690
893677
817295
563366
293208
357111
684071
214317
658390
507570
402345
873599
852293
685778
333489
731193
771325
127303
721859
618720
532789
997491
920359
485839
658661
697724
159437
123520
765911
773848
329591
732934
312019
212854
249281
702146
819315
100542
210886
622559
478728
377044
600409
991995
343704
562608
800728
655787
891720
539945
834721
548884
212657
370238
662604
978199
973318
431456
904704
595484
297673
660551
448405
884541
277979
669410
661580
739438
536496
631342
911877
770782
916416
199299
239992
255745
497081
928363
242134
196053
896995
503649
231800
325966
939126
780706
620277
941780
550249
271082
728828
487859
195837
615402
424885
818177
928638
715867
814015
674293
901028
161289
219290
360377
628068
163939
632468
113357
230246
506859
581117
144954
289321
808651
698488
794024
528751
222439
945414
497273
149133
719800
289188
365414
902514
524018
674945
401013
774414
421815
327106
781213
214347
567840
295025
835705
384359
871422
697898
875187
248237
606919
811534
143390
689964
683873
298537
387186
916914
630861
389425
806198
770453
416742
625160
281227
872101
853875
457862
204049
488993
331455
338943
808431
279752
799903
930606
721480
613626
862782
509665
657328
524541
170227
349036
542214
908266
245798
675450
318641
325480
387758
484099
243552
132389
520908
110760
797605
942680
113797
963604
530483
513559
593848
486193
916782
367975
103103
863637
890061
753266
577057
773559
154131
221196
732097
381656
700225
167706
182946
372961
726302
278425
239221
878568
201235
847355
195390
776041
758844
789142
233001
778799
599828
899177
979182
243769
930693
684033
432253
274238
905163
382161
785388
565374
748423
614198
429967
122356
400292
239251
410534
729899
859734
740835
337302
352057
374338
715280
384958
169426
272585
327061
204792
200918
620265
798257
273731
254954
242014
588327
450963
116192
735452
908707
467798
444141
493036
673846
230144
587036
517388
173034
475749
619593
478607
503101
919065
858993
661875
727124
869430
315413
399074
362827
101652
678101
277369
684470
945108
950166
440467
275012
880342
811964
788287
394342
994447
951026
373036
893161
859020
700491
585135
797922
652037
199551
851312
585198
722310
217164
879191
414737
593079
514889
718897
235550
717118
472625
907055
789697
266772
808566
728737
279977
246568
342375
292692
663784
831306
184265
508654
968038
585957
768713
868104
268939
730277
601151
710789
902101
826789
692170
962160
827944
170974
125730
681933
465452
193067
652736
677223
621821
143971
583339
726389
150453
971753
405157
651354
409662
906859
287527
753892
638044
708509
911153
828780
824365
646784
549957
505273
215966
761835
104953
962907
574601
846406
900792
209003
220837
660442
827239
570717
278569
507041
886832
924066
102617
142324
817651
297185
425120
949797
401127
995242
639262
938278
424115
219435
259821
296949
857568
818667
643109
247463
561257
859986
139018
620431
251787
304047
170960
296154
530516
749220
179619
716809
575322
231003
821677
987086
826162
782040
829133
352772
180153
266169
460708
109711
423644
636323
522291
781357
949181
923887
802874
108571
927607
131106
945784
126846
885048
482185
890536
613603
226224
228965
519280
651907
915622
922452
462955
293112
397758
272735
470787
175527
989534
390337
167310
395088
499277
129306
296786
615464
781756
389603
346972
606628
946346
171048
789201
544215
285218
794830
202037
443977
891503
315530
226547
951187
746888
808801
194088
501192
273367
329178
483599
776446
553100
727346
119037
637270
963796
650696
627568
855741
285398
375072
831847
836621
881992
912652
705561
844574
233250
918739
107893
602927
170697
126810
284023
774004
263789
216123
648200
690475
935218
795594
442096
552577
906003
570526
153528
318999
152011
251930
580419
634522
267261
346295
258578
616431
483682
389925
169194
834235
203240
349514
367941
354627
321285
880671
705748
526290
543323
345032
473481
847673
102495
937092
920523
489803
932975
379270
930618
411466
859124
486561
792563
981319
438319
473370
435665
824401
868231
667592
390321
873864
146928
813964
587235
685703
527653
187468
331291
125332
864777
627237
775676
806978
778449
732746
632026
330168
425772
768774
683455
204412
459307
757728
975111
716678
556951
386621
916307
847914
545005
881347
658058
875730
954711
599616
800744
288531
449857
334819
962150
845506
147978
905286
546688
331886
710885
985584
302870
705573
841343
205497
498629
199457
984136
285908
514556
389200
838852
870556
228752
241032
271160
483377
580326
983430
969178
899945
852266
278832
932002
443495
880311
190952
806623
837948
156434
554021
311039
743224
105793
571366
183751
310734
106570
439508
482717
558601
891594
768802
185060
511543
449679
579300
206067
821118
674345
664600
424959
563257
362708
810940
233318
124037
773570
497848
325186
407677
392833
246188
229474
960535
178161
195627
864763
657386
157280
960426
476806
240817
600713
510576
108350
183464
193772
520459
993815
401010
984884
985505
263602
491833
229061
747781
480516
294852
438048
159713
537164
608721
214322
175040
265768
745406
639327
224525
433382
354051
714537
548681
763837
713919
287794
284141
962544
852131
802589
149853
930264
353111
504033
924175
422792
407327
982585
737640
831473
430379
715110
669910
319338
997566
523261
868084
126495
525673
344808
362944
544136
969247
187076
739763
686472
536203
321668
549682
304039
944920
785237
628385
492263
388194
229449
284053
204688
290146
752247
858441
762820
901687
393052
103002
638941
144626
329342
766270
290658
419709
257646
536871
607323
539644
605717
961017
266034
764269
337702
886588
185659
532902
533600
886553
645142
186725
277646
931143
868117
339208
763395
836348
773425
486366
600123
642449
676195
184074
200822
641845
306860
555397
359024
884330
787273
348365
121061
952618
782477
268431
118019
440419
952443
865659
772781
329918
468086
506498
457860
552215
866979
398199
898152
951449
656313
421297
763446
220956
939520
963268
384822
181960
663446
695856
679727
630261
273877
649270
199279
396776
165663
325028
248666
699686
321189
422976
883905
907766
713585
370205
274362
269696
726213
648606
774866
908661
657244
407574
328016
465976
584919
900105
113098
819208
883609
936058
776972
356587
285931
242519
156040
818815
407219
161084
486551
641951
249532
298466
730260
333337
537392
855679
507371
669315
788905
215126
455746
114839
920990
771065
973017
866303
421254
733302
811856
265558
311930
429458
816077
385130
646003
627318
721834
571065
314164
455546
862476
665128
262055
232914
759129
458778
677313
994679
928584
729239
492734
443782
130302
768482
580312
762133
435596
514865
269502
289737
497561
673917
349228
320993
430021
820073
482389
445130
687333
910073
233845
936305
455151
433358
352649
790618
852784
788076
111935
614238
288989
426574
804717
182616
772824
868147
399155
147594
804818
883870
291721
306968
401563
124426
957985
288559
415899
941061
802892
939055
976389
332183
407345
118510
595394
556428
988631
696944
515832
789694
909348
647519
502929
655263
100748
170987
869199
266612
548168
561874
520918
434794
640312
803463
718352
926876
634741
430724
475373
164090
474718
911722
985184
172880
637849
956805
119229
786206
587221
316395
879516
702211
631761
115124
974521
644202
804039
746299
123677
886998
419359
249287
492892
341018
518137
641594
691871
603881
400158
668518
921686
657906
321570
451741
414975
997625
662335
430049
117413
143943
151757
182993
679390
331773
682357
818707
803032
625188
828942
174149
222837
888441
407046
588375
744731
325430
518829
744166
654743
996255
364934
515347
486047
918703
394708
321609
480640
280019
700148
976895
981867
473989
728885
979734
835240
336365
569896
261119
658660
699429
838561
166682
774939
326009
545681
133244
350860
733194
707010
189545
578795
918168
775306
121158
779008
636410
696945
760687
937064
460748
438067
623012
925039
852046
192282
748847
259556
427311
753135
508365
755533
357710
185506
955313
257693
298251
740408
260038
473022
361463
970749
747445
573009
610603
498100
163698
698682
707727
300725
298829
639420
809209
324055
297911
361362
315548
241642
922892
233726
796833
873688
923548
980059
298644
434011
321085
832662
819992
863465
580757
896002
536906
387665
675600
489999
690621
150003
414436
453946
128584
150165
551828
226585
554305
868945
946324
133654
887594
693951
942144
156608
817515
126312
676189
487774
147200
767386
374365
276592
277014
331035
878690
844262
719968
402827
202513
521544
648454
807912
670740
265545
827206
568945
205141
746668
421860
796962
525754
429698
487686
287431
945068
226041
921320
524148
178486
510594
711476
287826
442798
923235
775637
237844
276932
797549
271475
707566
506617
251477
766432
524779
485199
179682
123210
776599
329402
348570
921170
929520
165914
350237
341631
944666
788905
989583
385966
752648
922942
295819
324341
691918
810068
460628
465113
747505
489907
689361
392013
407592
575193
714293
390345
374276
663266
962907
802231
865386
202830
244720
294746
829915
589424
781955
221911
192560
681603
830971
448939
287348
511582
518826
784624
310797
927135
174513
714711
124571
714568
375704
386691
640040
956556
613577
454327
451620
959892
967355
381400
825998
287352
520580
649818
778221
101073
494425
202494
128112
338717
372552
165902
658936
340422
204665
896010
156366
929669
179547
447140
588752
348195
777660
250817
827125
858028
654705
873359
975846
427627
770290
232668
714248
549571
622941
999996
991001
869008
106402
309724
532710
972019
686598
785853
442016
309802
727755
399618
851891
717567
397960
521951
880345
620214
792647
577802
509692
369762
822692
920192
446367
621066
226648
700485
568426
239884
451653
209365
717480
204669
905009
287358
923266
869823
914430
616733
661596
991806
808801
617322
230273
355086
121468
358279
129667
348339
352322
194033
756924
145138
590304
721238
146315
186210
863356
911644
845371
986113
317427
302131
858149
618389
682138
747221
812558
210601
598684
110522
705784
275913
916205
517885
560961
305369
789918
191281
599597
868368
670817
320087
887561
357619
452441
672341
614364
283770
241042
837056
106466
102786
771362
675483
774379
606669
759173
611883
672948
374246
545720
919065
749654
341800
488249
581010
228933
172418
260277
840946
396291
772075
412046
977002
415295
997340
414570
600529
265948
109796
232857
628787
969559
761628
104055
702998
504550
340722
743506
954291
546195
278034
518332
325350
422648
751752
570432
645761
869369
871430
543408
541946
123493
400096
540764
334391
690739
794360
360187
777039
292099
258644
445935
663151
241389
916932
949506
988025
337744
785251
176460
888210
428911
305985
394750
218257
353742
186696
654353
663543
526907
768809
731159
394517
566387
690910
605294
669462
320864
769664
112258
710189
980534
966467
762192
387551
832099
855181
183961
505715
802245
582406
408016
184118
794970
655197
213034
817507
105345
422507
980649
604043
240006
696644
350131
523289
527484
151417
196763
550479
411638
380043
767161
568080
772992
466270
907676
462444
543792
107199
386157
498561
102734
248638
861297
944500
460792
647041
599547
911189
577875
787787
664117
898357
789015
508215
570183
383889
716335
338902
860067
780681
758417
633481
194077
522202
815245
839936
411125
428700
747521
750590
373714
998145
136349
582087
601308
991367
835347
405631
162496
880442
551870
285573
972603
623850
715925
868804
779065
364777
896087
623786
746108
304890
247132
605476
740144
469253
154561
439094
229254
620856
335916
270847
263668
827285
514072
665971
862007
306927
906907
578815
548541
410704
276406
979624
328811
572843
660878
570226
806276
946441
160871
146347
532612
223734
104482
168824
851013
530873
841943
232055
936806
496253
276376
541640
644525
381022
121905
245318
209778
149953
106796
572137
457869
417271
175245
435403
128483
267507
376664
267300
808374
584335
632818
282813
559985
289568
738234
139933
822803
445248
814958
431134
464983
774852
642009
152288
234328
734765
435098
947788
550937
515559
460448
756322
939644
588733
688478
215341
148489
669078
140340
683505
254208
674642
423680
452470
863434
993562
981654
454956
642788
981971
422515
764529
334995
675661
207153
683017
775262
122956
301075
393718
832408
428875
716363
392814
223887
876495
343168
971252
601090
622893
991444
253724
404907
231452
276926
790340
451171
289538
288853
240766
753111
980141
405000
568965
193044
695918
521327
363983
481579
105461
440079
125533
468003
746622
851097
825332
958279
130865
328583
986939
750393
110402
853866
119894
990527
268790
459622
203542
498735
416813
331845
585723
834102
160309
640606
852266
123874
247397
299770
527968
455168
979185
589672
595629
282814
965911
785721
658285
380355
451594
832061
420306
960955
301914
490372
742709
226275
385106
578437
924253
336296
417784
865247
164766
773615
854355
291430
407693
206015
998830
801457
810882
831095
800614
631770
771208
520729
358237
837080
124616
483068
801337
823187
147141
584752
911538
624768
632188
669936
897897
725991
738768
668959
375516
291672
137384
213937
524906
822013
428458
774480
478027
552269
381524
650136
121178
589211
260340
670144
719164
321979
868038
548025
553821
541184
534958
594597
818106
580014
862076
329586
659242
737756
308118
372839
162688
241922
555578
608942
594386
657270
995822
536223
508622
350136
105040
349067
541662
497004
563573
422327
464428
962044
950772
675917
857953
290743
215138
834331
756713
542787
395831
944892
959936
198871
215238
740271
344150
108685
587448
879255
133632
651397
175757
161893
326156
431814
139403
303685
536143
285890
152934
421102
116440
539749
865158
697198
786984
632200
514885
871944
126784
721246
852228
151599
361439
150930
576287
409750
234897
364769
104917
532976
909556
684317
388695
813030
886286
888878
449761
526138
251340
911453
398188
570822
489852
974729
928451
520187
333713
518040
953286
711950
593800
715503
852471
412386
799168
124158
800454
275226
855526
729652
168787
271374
280973
619958
511545
432123
251053
152127
810911
898105
282439
988746
720604
215330
423058
381406
661746
386710
222478
156100
176036
716856
411483
392966
939176
294053
831846
976308
113862
862128
188424
274535
670611
521687
842665
226814
389848
869894
563183
596328
369133
281586
707128
155181
529511
605053
994898
737140
989328
517762
462411
513744
152747
799426
653616
451930
859890
888007
680781
317492
600276
274745
138264
948783
809681
107904
418135
298916
372665
296244
991557
791852
823526
626150
786966
894450
109727
356301
863455
434123
299154
194705
986980
596100
499716
674679
221787
871185
868071
490735
366923
501841
289112
345690
996051
194388
243321
758345
345499
521606
286918
795982
464475
793083
526204
670559
690218
526597
112460
759165
442202
603589
124552
346658
118338
505571
287764
542164
549067
235002
886116
546949
430844
881929
929320
589716
602740
577836
630098
692578
751128
351382
110801
441848
247204
503171
730229
293896
169895
829157
984461
695190
858724
208905
148532
763334
477289
942453
327352
590480
906624
701156
309278
210497
635490
739968
465137
582545
863762
936488
167818
212381
896498
419882
108037
190820
592787
682703
199453
615167
775341
993867
472268
719909
250540
290925
688225
321938
833397
265986
212427
660286
350484
139618
785954
149971
142104
900303
806357
507236
138033
247684
430133
233407
761338
872079
798691
538842
200868
957712
270546
794585
842999
712184
815138
912756
328888
589368
959957
444564
151743
243199
749148
697776
824060
507532
861897
856880
633927
958065
148715
692483
876345
692217
577133
627657
663733
338860
958571
378461
492234
249382
221070
875685
995439
417841
817287
638299
324479
873197
821083
552735
940346
461793
455493
894834
498536
732357
409347
353806
110181
941811
904914
242803
908996
578063
918239
250782
235051
287480
349022
990027
630796
681495
952330
902360
122128
873462
702336
506219
690244
323598
632400
760730
236981
595980
752136
514552
336723
682298
229121
931375
929513
704765
368280
550422
344467
978266
966689
517376
499602
666505
503247
136998
624174
831056
921938
358851
509462
553133
872705
625073
130021
903127
663561
786582
409410
244184
105821
413016
825926
503686
914058
552752
158359
417647
160513
926031
413215
501907
657893
143862
906773
284959
106616
123739
820351
595402
236555
405925
674041
493285
105089
783590
809592
604048
901354
126385
141203
581697
241012
200282
972445
653673
691449
995915
752446
950494
978639
306527
770542
995907
945635
107555
895239
828843
718299
845062
896511
639821
966231
814008
107629
699895
738974
432641
498597
230468
743159
554311
516293
134127
884827
831517
360895
557610
171417
353100
593509
110701
371292
869856
616762
930027
635383
678134
547649
997534
888350
980749
885748
156291
229874
501381
615466
427004
192653
372549
914698
358808
597318
621978
307334
524328
790234
736415
211079
214118
746660
437629
757426
465199
351552
885809
368529
196374
297245
177601
164512
160840
884991
501062
342117
762410
668562
460001
904252
483445
316051
933890
464956
798867
438401
334701
513383
749314
662521
192434
239793
898967
567054
433531
350874
550720
323323
520548
804739
344064
232852
519091
229758
115052
308036
853858
473816
196255
379860
544924
855765
430233
832162
727633
898066
812769
972673
958558
126797
116850
472426
619214
533853
204811
937808
265544
593785
551459
250188
791396
539086
248014
655261
660187
350592
796959
804132
449904
590830
584543
860885
417127
469453
217596
336668
809560
166805
839420
535464
538104
578047
364764
493750
787889
871638
613638
985238
124946
177244
142491
360072
922356
946067
588464
105837
707751
774971
271974
477041
201107
108637
622768
467727
542254
255965
155298
249761
416256
868143
228247
198739
754364
115995
712083
313349
274322
754263
867372
788549
736954
811721
779185
372660
548338
324470
938528
471060
880989
211758
628917
134588
894830
462379
434357
529467
955278
897036
951495
631923
816339
463877
668981
256803
948996
943752
605708
906361
333983
375114
831515
953487
907599
483425
740086
389386
329452
350108
919388
317784
317437
684238
368771
304497
339225
193659
303908
391984
681637
282616
358071
377285
802767
335448
972209
373077
242739
622381
423664
604586
718762
132166
237076
605874
380243
675430
226988
511405
722293
144971
300015
705169
977647
733711
414486
232101
195105
464483
917578
855336
739844
313723
324724
151367
117043
554229
250719
672151
511215
467009
246646
707070
926444
414802
599022
285270
547161
762897
924254
663795
966670
792502
669691
636666
982601
652901
399637
169056
920961
840107
277972
778255
704803
568327
864742
505038
807442
185709
588831
826013
524710
554837
100190
355283
898324
592944
778725
662845
234689
229216
684940
432207
540229
353782
888665
947341
644031
688057
168766
464142
254592
181663
751190
671107
289037
468390
102267
458116
550060
193983
477827
461452
274066
198240
239084
511833
792312
414407
738341
489656
874175
736792
934366
791744
255167
845764
338026
451020
679662
917400
861006
219384
116942
224689
671421
443047
803646
429082
166246
529933
590676
420608
212785
140706
751388
323487
258141
441989
214698
476831
255029
329623
949716
679109
589966
517800
247296
959445
515939
443272
230364
651247
778454
632659
332976
358443
444509
149376
526819
796036
708186
463230
348161
308407
898980
553567
624006
893660
140356
931680
687622
896036
336321
302830
762371
631383
269668
437833
634722
253621
295751
844201
913142
722974
399569
939429
642154
580125
807729
492945
878977
208764
915169
418662
768645
791798
981462
741308
780129
136398
893793
353636
919088
584259
755649
334327
414925
575624
870287
701593
188774
106676
514654
373198
600284
863985
550087
625187
908838
959550
911413
143880
185930
647411
152702
578857
980867
917659
534184
970572
649920
528359
657704
598323
359827
942115
925113
428882
967324
165241
624503
166529
709838
206136
404170
872301
694110
641971
818377
904660
341711
456275
832470
820578
224985
849912
267705
371677
531557
276792
353460
497266
141439
899715
151672
660414
448972
916330
113370
658169
938871
221204
657863
843597
435046
844883
434042
979794
343240
280401
884747
438895
199281
629524
728861
293645
695889
837125
473338
509914
774409
653435
897325
790531
811780
227237
125089
810122
154463
743756
523328
777780
628600
260207
965788
220506
798412
988872
485531
380102
515869
287910
128436
351156
392045
914565
397984
511915
270853
858027
964524
611846
542992
603456
883759
385436
323879
867331
131816
307809
819793
623919
925331
599484
757072
206966
810294
939074
663736
608354
495233
707016
451594
193235
994044
586499
624998
646169
498486
897215
829252
613174
639269
296435
779231
911482
334788
125144
376447
680351
896627
931081
957056
277721
560309
891950
362579
528952
594083
285078
204270
458910
848178
662498
462794
357507
260252
449756
609411
397260
760437
677709
468844
234601
478557
306618
984650
728895
820253
845589
872177
785149
662626
983384
711727
564152
749960
273872
632926
202094
323919
196046
152085
313408
792945
470341
764996
976770
833641
521723
751229
885032
515733
979187
919914
318917
562236
822455
799164
353690
907299
633684
708699
748493
412900
419120
796284
864794
950771
898642
607547
986380
816830
507316
173341
664391
625623
255435
441655
108215
541622
107880
895254
398529
194360
987145
369416
683438
163470
492810
101915
927505
474707
379236
294794
690235
487346
403591
900507
473824
674057
900201
125999
934998
914176
764849
168201
108416
905846
355522
693293
406800
480799
790949
812067
899419
738429
410169
654133
425754
149704
212845
801323
557960
896727
680041
611673
537593
312521
483105
277045
322032
354928
967831
434158
641420
981880
960255
484353
429510
918943
360999
777592
807947
799516
695114
546706
683757
567168
395375
951805
177176
749458
574752
424120
561211
198878
568038
138271
334134
253176
630608
795895
522740
178477
471261
151872
512967
456791
270647
917538
778174
925815
324622
506810
788705
435253
993376
758444
301612
233335
927915
970425
917146
531300
199868
572573
780175
643711
872946
542542
513842
921984
250219
276334
388335
565104
354852
729470
428255
643241
133738
326966
396521
477836
273630
251361
524835
167941
635415
225957
205501
809594
836658
200799
325260
660182
878748
991439
978609
898687
371697
869256
583844
728104
503696
856190
775596
148287
218475
323600
180400
363905
430189
658371
199596
700948
673903
539309
357669
948507
147738
712233
108295
746989
437040
704248
185325
149419
951073
728153
686355
363413
750861
529567
371543
264481
743121
668417
974140
417440
475764
476547
949466
411814
145557
841596
479404
278287
101203
624311
986278
439438
733769
130102
850949
659464
860961
836855
391063
799447
770864
726177
197213
490322
637245
816987
613044
900621
386827
935114
957827
105486
565169
940228
572742
671190
762766
696481
701432
595444
324843
907038
148216
426762
741874
346916
629643
720758
678618
712079
403520
906266
377353
274693
646576
749587
379333
559144
774569
328569
328551
578782
891459
166088
666484
980792
874269
793540
557359
279758
896697
264479
235423
795619
574603
863825
677960
770451
748447
390328
287344
892285
322003
674748
631593
151560
728133
390475
393652
823155
391857
303621
921912
472862
366892
746060
115579
982127
760277
761082
472646
836102
263399
498859
815381
239041
770843
581733
700089
782750
171626
608881
810696
484240
141224
436266
356778
316711
534495
614924
352658
583794
499888
734203
887901
693075
342567
762560
528727
828542
848246
695833
110174
987365
917682
451241
728886
823144
859366
492552
380717
246399
690386
610901
751529
782975
492925
537671
431637
930625
489282
798868
547632
245353
508423
888852
436214
529195
610958
222305
896473
108282
153006
871546
934504
475793
598706
823330
566558
689983
707380
533634
457344
141942
334206
206259
893407
888986
982674
204925
300150
804895
430922
598101
439260
149378
248200
864821
578942
128829
115027
299690
312185
737060
596078
372434
193392
818839
676396
375735
284268
669594
971113
741654
323245
955647
441523
505689
911146
402164
995444
547227
546520
506033
922155
191578
677360
554905
532285
885126
327592
733885
344388
537728
674955
507689
321449
720283
545864
961772
112866
174567
312590
706939
920656
630556
833781
689267
374855
483613
707854
742510
953675
276778
133384
567800
753170
806151
814905
504500
695073
638486
386553
791270
148142
550383
425205
533385
166699
815556
734197
721240
959825
949374
389297
920877
334637
839581
585376
391599
357796
988092
280050
148672
277271
585082
780209
167610
504343
207154
754519
515297
905377
141363
366698
474379
788014
521319
658796
470273
305350
400396
622568
559299
749415
986614
782684
104301
887480
212507
333163
913588
320775
523306
246703
706981
458436
337881
613999
563060
770173
357595
129041
959544
161036
318900
815862
918461
682675
914918
232862
813317
280785
215103
186248
957400
465524
720750
399256
290657
802397
775908
280130
391836
873991
840931
294522
482070
894660
659717
115942
550132
907320
195736
700099
947755
371355
663023
498262
530515
270751
864222
421625
972562
979644
519845
732803
205671
437057
289303
341456
737685
938624
423341
760662
994264
177464
737205
185552
320105
124377
433791
123801
122958
898975
682730
905997
185049
515004
238493
686044
802501
322488
868740
119905
938174
454283
307568
412191
454146
208128
188851
145013
705356
418261
378256
611507
583978
435073
705834
870290
634149
577470
278157
506138
836960
840421
398667
173586
396914
613847
647753
690666
298564
603258
538954
515197
169884
403436
822487
639981
869896
425013
731406
211977
935526
388778
418445
704697
620718
171222
422019
749975
809169
368203
151895
325030
144330
462602
282944
197753
155615
233981
115276
840298
560374
498184
846448
202097
879306
863058
541623
280541
612585
165852
100393
309135
846063
166180
570612
548181
521975
693969
552868
325692
291828
897777
881497
930360
551363
313924
470867
707281
220492
724734
584366
735915
409737
891108
651603
537341
542329
316347
825391
757659
629598
241478
237390
743317
367809
842759
478966
978150
891990
734762
675777
461646
681112
789584
648469
662596
616687
916087
650733
665381
492191
834342
160049
887851
581486
364477
899398
954955
514576
133270
105852
305628
868578
795209
696093
150350
760387
238180
662550
708604
834958
492716
815291
485729
148956
222719
154803
620152
342638
989006
920654
626241
665613
260009
365467
795256
181428
349538
261830
103332
943360
524010
563573
858719
728910
470149
593067
885903
193491
598119
902208
478507
353536
942129
830423
999474
119050
674319
838894
458766
309674
379246
712316
525569
212616
479610
640014
708569
529741
900836
968921
510849
976349
659218
765243
410947
929143
956571
756818
678807
629652
268899
526660
744518
186798
542147
372704
723484
429585
365993
776205
507108
510643
803063
793657
664114
811694
138003
746103
349300
830134
884498
456162
292654
629198
491359
502157
694318
276885
519476
170331
162478
917501
260087
829114
140774
852585
967798
438771
670468
206905
916530
378983
263747
224630
561812
100205
273285
865560
201129
599253
891139
310468
507518
848672
745153
812737
334006
215320
695439
139989
678386
546598
910109
295662
713726
0
65535
1048575